1 2 1514
2 1 3
3 2 4
4 3 5
5 4 6 2458
6 5 7 2458 2459
7 6 8 2459
8 7 9
9 8 10 1843
10 9 11 1843
11 10 12
12 11 13 2112
13 12 14 2112
14 13 15 2113
15 14 16 1694 2113
16 15 17 1694
17 16 18
18 17 19
19 18 20
20 19 21 557
21 20 22 557 2961
22 21 23 2961
23 22 24
24 23 25
25 24 26 2431
26 25 27 2431
27 26 28
28 27 29
29 28 30
30 29 31 1423 1424
31 30 32 1423 1424 1554 1555
32 31 33 1554 1555 2778 2779
33 32 34 2778 2779
34 33 35
35 34 36
36 35 37
37 36 38
38 37 39 280 1601
39 38 40 280 1601
40 39 41
41 40 42
42 41 43
43 42 44
44 43 45
45 44 46 1517 1518
46 45 47 1517 1518 1728
47 46 48 896 1728
48 47 49 176 896
49 48 50 176
50 49 51
51 50 52
52 51 53 225
53 52 54 225 1243 1549
54 53 55 552 1243 1549
55 54 56 496 552
56 55 57 468 496
57 56 58 468
58 57 59
59 58 60
60 59 61
61 60 62
62 61 63
63 62 64
64 63 65
65 64 66
66 65 67
67 66 68 2603
68 67 69 2603
69 68 70
70 69 71
71 70 72
72 71 73 128
73 72 74 128
74 73 75
75 74 76
76 75 77
77 76 78
78 77 79
79 78 80
80 79 81
81 80 82
82 81 83
83 82 84
84 83 85
85 84 86
86 85 87
87 86 88
88 87 89
89 88 90
90 89 91
91 90 92 480 481
92 91 93 480 481 1351 2142
93 92 94 1351 2142
94 93 95
95 94 96
96 95 97
97 96 98
98 97 99
99 98 100
100 99 101 472
101 100 102 472
102 101 103 1543
103 102 104 1543
104 103 105
105 104 106
106 105
107 108 260 261 1232 1700
108 107 109 1700 2955
109 108 110 2104 2955
110 109 111 1233 2104
111 110 112 259 1233
112 111 113 259 260
113 112 114 260
114 113 115
115 114 116 282
116 115 117 282
117 116 118
118 117 119
119 118 120
120 119 121
121 120 122
122 121 123
123 122 124 283 504
124 123 125 283 504
125 124 126
126 125 127 505
127 126 505
128 72 73 129
129 128 130
130 129 131
131 130 132 193 2111
132 131 133 193 194 2111
133 132 134 194 2110
134 133 135 2110 2111
135 134 136 2111
136 135 137
137 136 138
138 137 139
139 138 140
140 139 141
141 140 142
142 141 143
143 142 144
144 143 145
145 144 146
146 145 147
147 146 148 2132
148 147 149 2132 2592
149 148 150 2592
150 149 151 177
151 150 152 177
152 151 153
153 152 154
154 153 155
155 154 156
156 155 157
157 156 158 226
158 157 159 226 408
159 158 408
160 161 1204
161 160 162 1204
162 161 163
163 162 164 1524
164 163 165 1524 2123 2124
165 164 166 2123 2124 2509
166 165 167 2509
167 166 168
168 167 169
169 168 170 1521 2510
170 169 171 1410 1521 2510
171 170 172 1410 1520
172 171 173 897 1520
173 172 174 897
174 173 175
175 174 176
176 48 49 175
177 150 151 178 2593
178 177 179 2593
179 178 180 2132 2133
180 179 181 488 2132 2133
181 180 182 488
182 181 183
183 182 184
184 183 185
185 184 186
186 185 187 2321
187 186 188 2321
188 187 189
189 188 190
190 189 191
191 190 192
192 191 193
193 131 132 192 2111
194 132 133 195
195 194 196
196 195 197
197 196 198 2960
198 197 199 2603 2960
199 198 200 2603
200 199 201
201 200 202
202 201 203
203 202 204
204 203 205
205 204 206
206 205 207
207 206 208
208 207 209
209 208 210
210 209 211
211 210 212
212 211 213
213 212 214
214 213 215
215 214 216
216 215 217
217 216 218
218 217 219
219 218 220
220 219 221
221 220 222
222 221 223
223 222 224 497
224 223 225 497
225 52 53 224
226 157 158
227 228 235
228 227 229
229 228 230
230 229 231 347
231 230 347
232 233
233 232 234 407
234 233 235 407
235 227 234
236 237 2209
237 236 238 2209 2210
238 237 239 2210
239 238 240
240 239 241
241 240 242
242 241 243
243 242 244 1971
244 243 245 1486 1971
245 244 246 1486
246 245 247
247 246 248
248 247 249 605
249 248 250 604 605
250 249 251 604 2440
251 250 252 2148 2440
252 251 253 2148 2149
253 252 254 520 2149
254 253 255 520 521
255 254 256 521
256 255 257
257 256 258 2954
258 257 259 2954
259 111 112 258
260 107 112 113 261 1232
261 107 260 262 1232
262 261 263
263 262 264
264 263 265
265 264 266 2327 2328
266 265 267 2327 2328
267 266 268
268 267 269
269 268 270
270 269 271 1606 1607
271 270 272 1606 1607
272 271 273
273 272 274 1973
274 273 275 1973
275 274 276 2512
276 275 277 1602 2512
277 276 278 1602
278 277 279 2432
279 278 280 2432
280 38 39 279 1601
281 282 1230 1231
282 115 116 281 1231
283 123 124 284 504
284 283 285
285 284 286
286 285 287 2174
287 286 288 2174
288 287 289 1626 1627
289 288 290 1626 1627 2228 2229
290 289 291 2228 2229
291 290 292
292 291 293
293 292 294
294 293 295
295 294 296
296 295 297
297 296 298 2060
298 297 299 2060
299 298 300
300 299 301
301 300 302
302 301 303
303 302 304
304 303 305 2676 2677
305 304 306 2429 2676 2677
306 305 307 2429
307 306 308
308 307 309 2175 2964
309 308 310 2175 2964
310 309 311
311 310 312
312 311 313
313 312 314
314 313 315
315 314 316
316 315 317
317 316 318
318 317 319 2061
319 318 320 2061
320 319 321 1146 1147
321 320 322 1146 1147 2084
322 321 323 2084
323 322 324
324 323 325
325 324 326
326 325 327
327 326 328
328 327 329
329 328 330
330 329 331
331 330 332 2085
332 331 333 2085
333 332 334
334 333 335
335 334 336
336 335 337
337 336 338
338 337 339
339 338 340
340 339 341
341 340 342
342 341 343
343 342 344
344 343 345
345 344 346
346 345
347 230 231 348
348 347 349
349 348 350
350 349 351
351 350 352
352 351
353 354
354 353 355
355 354 356
356 355 357
357 356 358
358 357 359
359 358 360
360 359 361
361 360 362
362 361 363
363 362 364
364 363 365
365 364 366
366 365 367
367 366 368
368 367 369
369 368 370
370 369 371
371 370 372
372 371 373
373 372 374
374 373 375
375 374 376
376 375 377
377 376 378
378 377 379
379 378 380
380 379 381
381 380 382
382 381 383
383 382 384
384 383 385
385 384 386
386 385 387
387 386 388
388 387 389
389 388 390
390 389 391
391 390 392
392 391 393
393 392 394
394 393 395
395 394 396
396 395 397
397 396 398
398 397 399
399 398 400
400 399 401
401 400 402
402 401 403
403 402 404
404 403 405
405 404 406
406 405 407
407 233 234 406
408 158 159 409
409 408 410 1556
410 409 411 1556
411 410 412
412 411 413
413 412 414
414 413 415
415 414 416
416 415 417
417 416 418
418 417 419
419 418 420
420 419 421
421 420 422
422 421 423
423 422 424
424 423 425
425 424 426
426 425 427
427 426 428 1411
428 427 429 1411
429 428 430
430 429 431
431 430 432
432 431 433
433 432 434
434 433 435 2286 2287
435 434 436 2286 2287
436 435 437
437 436 438
438 437 439
439 438 440
440 439 441
441 440 442
442 441 443
443 442 444
444 443 445 2487
445 444 446 2486 2487
446 445 447 2486
447 446 448
448 447 449
449 448 450
450 449 451
451 450 452
452 451 453
453 452 454
454 453 455
455 454 456
456 455 457
457 456 458
458 457 459
459 458 460
460 459 461
461 460 462
462 461 463
463 462 464
464 463 465
465 464 466
466 465 467
467 466
468 56 57 497
469 470
470 469 471
471 470
472 100 101 473
473 472 474 1354 1355
474 473 475 1354 1355
475 474 476
476 475 477
477 476 478
478 477 479
479 478 480
480 91 92 479 481
481 91 92 480 482
482 481 483
483 482 484
484 483 485
485 484 486
486 485 487
487 486 488
488 180 181 487
489 490 1205 1252 1253
490 489 491 1205
491 490 492
492 491 493 499
493 492 494 499
494 493 495
495 494 496
496 55 56 495
497 223 224 468
498 499 556 1418
499 492 493 498 556
500 501 574
501 500 502 574
502 501 503 575
503 502 504 575 2105
504 123 124 283 503 2105
505 126 127 506
506 505 507
507 506 508
508 507 509
509 508 510
510 509 511
511 510 512
512 511 513 2150
513 512 514 2150
514 513 515
515 514 516
516 515 517
517 516 518
518 517 519
519 518 520 2149
520 253 254 519 2149
521 254 255 522 1701
522 521 523 1701 1702
523 522 524 1239 1702
524 523 525 1239
525 524 526
526 525 527 599
527 526 528 599 600
528 527 529 600
529 528 530
530 529 531
531 530 532
532 531 533
533 532 534
534 533 535
535 534 536
536 535 537
537 536 538
538 537 539
539 538 540
540 539 541 1677 1678
541 540 542 1677 1678
542 541 543
543 542 544
544 543 545
545 544 546
546 545 547
547 546 548
548 547 549
549 548 550 1240
550 549 551 1240
551 550
552 54 55 553 894
553 552 554 894
554 553
555 556 1418 1419
556 498 499 555
557 20 21 558
558 557 559
559 558 560
560 559 561
561 560
562 563 1230
563 562 564 1230
564 563 565
565 564 566
566 565 567
567 566 568
568 567 569
569 568 570
570 569 571
571 570 572
572 571 573 1972
573 572 574 1972
574 500 501 573
575 502 503 576
576 575 577
577 576 578
578 577 579 1615
579 578 580 1615
580 579 581 1977 1978
581 580 1614 1977 1978
582 583
583 582 584 2120
584 583 585 2120
585 584 586
586 585 587
587 586 588 2097
588 587 589 2097
589 588 590
590 589 591 1446
591 590 592 1446 1447
592 591 593 1447
593 592 594
594 593 595
595 594 596
596 595 597
597 596 598
598 597 599
599 526 527 598
600 527 528 601
601 600 602
602 601 603 2463
603 602 604 1704 2463
604 249 250 603 1704
605 248 249 606 1970
606 605 607 1970
607 606 608
608 607 609
609 608 610
610 609 611
611 610 612
612 611 613
613 612 614 2215 2216
614 613 615 2215 2216
615 614 616
616 615 617
617 616 618
618 617 619
619 618 620
620 619 621
621 620 622
622 621 623
623 622 624
624 623 625
625 624 626
626 625 627
627 626 628
628 627 629 1638
629 628 630 1638
630 629 631
631 630 632
632 631 633 2695
633 632 634 2695
634 633 635 1639
635 634 636 1639 2396 2397
636 635 637 2396 2397
637 636 638
638 637 639
639 638 640
640 639 641
641 640 642
642 641 643
643 642 644 2602
644 643 645 2602
645 644 646
646 645 647
647 646 648
648 647 649
649 648 650
650 649 651
651 650 652
652 651 653
653 652 654
654 653 655
655 654 656
656 655 657
657 656 658
658 657 659
659 658 660
660 659 661
661 660
662 663 1242 1338 1505 1506
663 662 664 1242
664 663 665
665 664 666
666 665 667
667 666 668
668 667 669
669 668 670 1498 1499
670 669 671 1498 1499
671 670 672
672 671 673
673 672 674
674 673 675
675 674 676
676 675 677
677 676 678
678 677 679
679 678 680
680 679 681
681 680 682 1339
682 681 683 1339
683 682 684
684 683 685
685 684 686 1340
686 685 687 1340
687 686 688
688 687 689
689 688 690
690 689 691
691 690 692
692 691 693
693 692 694
694 693 695
695 694 696
696 695 697
697 696 698
698 697 699
699 698 700
700 699 701
701 700 702
702 701 703
703 702 704
704 703 705
705 704 706 1464 1465
706 705 707 1464 1465 1872
707 706 708 1872
708 707 709
709 708 710
710 709 711
711 710 712
712 711 713
713 712 714
714 713 715
715 714 716
716 715 717
717 716 718
718 717 719
719 718 720
720 719 721
721 720 722
722 721 723 1659
723 722 724 1659
724 723 725
725 724 726
726 725 727
727 726 728
728 727 729
729 728 730
730 729 731
731 730 732
732 731 733
733 732 734
734 733 735
735 734 736
736 735 737
737 736 738
738 737 739
739 738 740
740 739 741
741 740 742
742 741 743
743 742 744
744 743 745
745 744 746
746 745 747
747 746 748
748 747 749
749 748 750
750 749 751
751 750 752
752 751 753
753 752 754
754 753 755
755 754 756
756 755 757
757 756 758
758 757 759
759 758 760
760 759 761
761 760 762
762 761 763
763 762 764
764 763 765
765 764 766
766 765 767
767 766 768
768 767 769
769 768 770
770 769 771
771 770 772
772 771 773
773 772 774
774 773 775
775 774 776
776 775 777
777 776 778
778 777 779
779 778 780
780 779 781
781 780 782
782 781 783
783 782 784
784 783 785
785 784 786 1660
786 785 787 1660
787 786 788
788 787 789
789 788 790
790 789 791
791 790 792
792 791 793
793 792 794
794 793 795
795 794 796
796 795 797
797 796 798
798 797 799
799 798 800
800 799 801
801 800 802
802 801 803
803 802 804
804 803 805
805 804 806
806 805 807
807 806 808
808 807 809
809 808 810
810 809 811 1735
811 810 812 1735
812 811 813
813 812 814
814 813 815
815 814 816
816 815 817
817 816 818
818 817 819
819 818 820
820 819 821
821 820 822
822 821 823
823 822 824
824 823 825
825 824 826
826 825 827
827 826 828
828 827 829
829 828 830
830 829 831
831 830 832
832 831 833
833 832 834
834 833 835
835 834 836
836 835 837
837 836 838
838 837 839
839 838 840
840 839 841
841 840 842
842 841 843
843 842 844
844 843 845
845 844 846
846 845 847
847 846 848
848 847 849
849 848 850
850 849 851
851 850 852
852 851 853
853 852 854
854 853 855
855 854 856
856 855 857
857 856 858
858 857 859
859 858 860
860 859 861
861 860 862
862 861 863
863 862 864
864 863 865
865 864 866
866 865 867
867 866 868
868 867 869
869 868 870
870 869 871
871 870 872
872 871 873
873 872 874
874 873 875
875 874 876
876 875 877
877 876 878
878 877 879
879 878 880
880 879 881
881 880 882
882 881 883
883 882 884
884 883 885
885 884 886
886 885 887
887 886 888
888 887 889
889 888 890
890 889 891
891 890 892
892 891 893
893 892
894 552 553 895 1550
895 894 896 1244 1550
896 47 48 895 1244
897 172 173 898
898 897 899
899 898 900
900 899 901
901 900 902 2126 2509
902 901 903 2126 2509
903 902 904
904 903 905 2508
905 904 906 2507 2508 2525
906 905 907 2507 2525 2526
907 906 908 2526
908 907 909 1961
909 908 910 1961
910 909 911 1597
911 910 912 1597
912 911 913 1960
913 912 914 1960
914 913 915 1596
915 914 916 1596
916 915 917
917 916 918 2565
918 917 919 2505 2565
919 918 920 2505
920 919 921
921 920 922
922 921 923
923 922 924
924 923 925
925 924 926
926 925 927
927 926 928
928 927 929
929 928 930 2264
930 929 931 2264
931 930 932
932 931 933
933 932 934 2265
934 933 935 2265
935 934 936
936 935 937
937 936 938 2504
938 937 939 2504
939 938 940
940 939 941
941 940 942
942 941 943
943 942 944
944 943 945
945 944 946
946 945 947
947 946 948
948 947 949
949 948 950
950 949 951
951 950 952
952 951 953 2436
953 952 954 2436
954 953 955
955 954 956
956 955 957
957 956 958
958 957 959
959 958 960
960 959 961
961 960 962
962 961 963
963 962 964
964 963 965
965 964 966
966 965 967
967 966 968
968 967 969
969 968 970 2815
970 969 971 2815
971 970 972
972 971 973
973 972 974
974 973 975
975 974 976
976 975 977
977 976 978
978 977 979
979 978 980
980 979 981 2816
981 980 982 2816
982 981 983
983 982 984
984 983 985
985 984 986
986 985 987
987 986 988
988 987 989
989 988
990 991
991 990 992
992 991 993
993 992 994
994 993 995
995 994 996
996 995 997
997 996 998
998 997 999
999 998 1000
1000 999 1001
1001 1000 1002
1002 1001 1003
1003 1002 1004
1004 1003 1005
1005 1004 1006
1006 1005 1007
1007 1006 1008
1008 1007 1009
1009 1008 1010
1010 1009 1011
1011 1010 1012
1012 1011 1013
1013 1012 1014
1014 1013 1015
1015 1014 1016
1016 1015 1017
1017 1016 1018
1018 1017 1019
1019 1018 1020
1020 1019 1021
1021 1020 1022
1022 1021 1023
1023 1022 1024
1024 1023 1025
1025 1024 1026
1026 1025 1027
1027 1026 1028
1028 1027 1029
1029 1028 1030
1030 1029 1031
1031 1030 1032
1032 1031 1033
1033 1032 1034
1034 1033 1035
1035 1034 1036
1036 1035 1037
1037 1036 1038
1038 1037 1039
1039 1038 1040
1040 1039 1041
1041 1040 1042
1042 1041 1043
1043 1042 1044
1044 1043 1045
1045 1044 1046
1046 1045 1047
1047 1046 1048
1048 1047 1049
1049 1048 1050
1050 1049 1051
1051 1050 1052
1052 1051 1053
1053 1052 1054
1054 1053 1055
1055 1054 1056
1056 1055 1057
1057 1056 1058
1058 1057 1059
1059 1058 1060
1060 1059 1061
1061 1060 1062
1062 1061 1063
1063 1062 1064
1064 1063 1065
1065 1064 1066
1066 1065 1067
1067 1066 1068
1068 1067 1069
1069 1068 1070
1070 1069 1071
1071 1070 1072
1072 1071 1073
1073 1072 1074
1074 1073 1075
1075 1074 1076
1076 1075 1077
1077 1076 1078
1078 1077 1079
1079 1078 1080
1080 1079 1081
1081 1080 1082
1082 1081 1083
1083 1082 1084
1084 1083 1085
1085 1084 1086
1086 1085 1087
1087 1086 1088
1088 1087 1089
1089 1088 1090
1090 1089 1091
1091 1090 1092
1092 1091 1093
1093 1092 1094
1094 1093 1095
1095 1094 1096
1096 1095 1097
1097 1096 1098
1098 1097 1099
1099 1098 1100
1100 1099 1101
1101 1100 1102
1102 1101 1103
1103 1102 1104
1104 1103 1105
1105 1104 1106
1106 1105 1107
1107 1106 1108
1108 1107 1109
1109 1108 1110
1110 1109 1111
1111 1110 1112
1112 1111 1113
1113 1112 1114
1114 1113 1115
1115 1114 1116
1116 1115 1117
1117 1116 1118
1118 1117 1119
1119 1118 1120
1120 1119 1121
1121 1120 1122
1122 1121 1123
1123 1122 1124
1124 1123 1125
1125 1124 1126
1126 1125 1127
1127 1126 1128
1128 1127 1129
1129 1128 1130
1130 1129 1131
1131 1130 1132
1132 1131 1133
1133 1132 1134
1134 1133 1135
1135 1134 1136
1136 1135 1137
1137 1136 1138
1138 1137 1139
1139 1138 1140
1140 1139 1141
1141 1140 1142
1142 1141 1143
1143 1142 1144
1144 1143 1145
1145 1144 1146 2062
1146 320 321 1145 1147 2062
1147 320 321 1146 1148
1148 1147 1149 2659
1149 1148 1150 2659 2660
1150 1149 1151 2660
1151 1150 1152
1152 1151 1153
1153 1152 1154
1154 1153 1155
1155 1154 1156
1156 1155 1157
1157 1156 1158
1158 1157 1159
1159 1158 1160
1160 1159 1161 2975
1161 1160 1162 2975
1162 1161 1163
1163 1162 1164
1164 1163 1165
1165 1164 1166
1166 1165 1167
1167 1166 1168
1168 1167 1169
1169 1168 1170 2240 2241
1170 1169 1171 2240 2241 2883 2884
1171 1170 1172 2883 2884
1172 1171 1173
1173 1172 1174
1174 1173 1175
1175 1174 1176
1176 1175 1177 1988
1177 1176 1178 1987 1988
1178 1177 1179 1987
1179 1178 1180
1180 1179 1181
1181 1180 1182
1182 1181 1183
1183 1182 1184
1184 1183 1185
1185 1184 1186
1186 1185 1187
1187 1186 1188
1188 1187 1189
1189 1188 1190
1190 1189 1191
1191 1190 1192
1192 1191 1193
1193 1192 1194
1194 1193 1195
1195 1194 1196 1525
1196 1195 1197 1525
1197 1196 1198
1198 1197 1199 2976
1199 1198 1200 2976
1200 1199 1201
1201 1200 1202
1202 1201 1203
1203 1202 1204
1204 160 161 1203
1205 489 490 1206 1516
1206 1205 1207 1516
1207 1206 1208
1208 1207 1209
1209 1208 1210 1515
1210 1209 1211 1515
1211 1210 1212
1212 1211 1213
1213 1212 1214
1214 1213 1215
1215 1214 1216
1216 1215 1217
1217 1216 1218
1218 1217 1219
1219 1218 1220
1220 1219 1221
1221 1220 1222
1222 1221 1223
1223 1222 1224
1224 1223 1225
1225 1224 1226
1226 1225 1227
1227 1226 1228
1228 1227 1229
1229 1228
1230 281 562 563
1231 281 282 1232
1232 107 260 261 1231
1233 110 111 1234
1234 1233 1235
1235 1234 1236 2954
1236 1235 1237 2954
1237 1236 1238 1701
1238 1237 1239 1701
1239 523 524 1238
1240 549 550 1241
1241 1240 1242
1242 662 663 1241
1243 53 54 1549
1244 895 896 1245
1245 1244 1246
1246 1245 1247 2122
1247 1246 1248 1517 2122
1248 1247 1249 1400 1517
1249 1248 1250 1400
1250 1249 1251
1251 1250 1252
1252 489 1251 1253
1253 489 1252 1254
1254 1253 1255 1516
1255 1254 1256 1516
1256 1255 1257
1257 1256 1258
1258 1257 1259
1259 1258 1260
1260 1259 1261
1261 1260 1262
1262 1261 1263 1598
1263 1262 1264 1598
1264 1263 1265
1265 1264 1266
1266 1265 1267
1267 1266 1268
1268 1267 1269 1515
1269 1268 1270 1515
1270 1269 1271
1271 1270 1272
1272 1271 1273
1273 1272 1274
1274 1273 1275
1275 1274 1276
1276 1275 1277
1277 1276 1278
1278 1277 1279 1551
1279 1278 1280 1551
1280 1279 1281
1281 1280 1282 1421
1282 1281 1283 1421
1283 1282 1284
1284 1283 1285
1285 1284 1286
1286 1285 1287
1287 1286 1288
1288 1287 1289
1289 1288 1290
1290 1289 1291
1291 1290 1292
1292 1291 1293
1293 1292 1294
1294 1293 1295 2430
1295 1294 1296 2430
1296 1295 1297
1297 1296 1298
1298 1297 1299
1299 1298 1300
1300 1299 1301
1301 1300 1302
1302 1301 1303
1303 1302 1304
1304 1303 1305
1305 1304 1306
1306 1305 1307
1307 1306 1308
1308 1307 1309 2961
1309 1308 1310 2961
1310 1309 1311
1311 1310 1312
1312 1311 1313
1313 1312 1314
1314 1313 1315
1315 1314 1316
1316 1315 1317
1317 1316 1318
1318 1317 1319 2112
1319 1318 1320 2112
1320 1319 1321
1321 1320 1322
1322 1321 1323
1323 1322 1324
1324 1323 1325
1325 1324 1326
1326 1325 1327
1327 1326 1328
1328 1327 1329
1329 1328 1330
1330 1329 1331
1331 1330 1332
1332 1331 1333 2826
1333 1332 1334 2826
1334 1333 1335
1335 1334 1336
1336 1335 1337
1337 1336 1338
1338 662 1337 1505 1506
1339 681 682
1340 685 686 1341
1341 1340 1342
1342 1341 1343
1343 1342 1344
1344 1343 1345
1345 1344 1346
1346 1345 1347
1347 1346 1348
1348 1347 1349
1349 1348 1350
1350 1349 1450
1351 92 93 1352 2142
1352 1351 1353
1353 1352 1354
1354 473 474 1353 1355
1355 473 474 1354 1356
1356 1355 1357
1357 1356 1358
1358 1357 1359
1359 1358 1360
1360 1359 1361 2595
1361 1360 1362 2595
1362 1361 1363 2143
1363 1362 1364 2143
1364 1363 1365
1365 1364 1366
1366 1365 1367
1367 1366 1368
1368 1367 1369
1369 1368 1370
1370 1369 1371
1371 1370 1372
1372 1371 1373
1373 1372 1374
1374 1373 1375
1375 1374 1376
1376 1375 1377
1377 1376 1378
1378 1377 1379
1379 1378 1380
1380 1379 1381
1381 1380 1382
1382 1381 1383
1383 1382 1384
1384 1383 1385
1385 1384 1386
1386 1385 1387
1387 1386 1388
1388 1387 1389
1389 1388 1390
1390 1389 1391
1391 1390 1392
1392 1391 1393
1393 1392 1394
1394 1393 1395
1395 1394 1396
1396 1395 1397
1397 1396 1398
1398 1397 1399
1399 1398
1400 1248 1249 1420 2121
1401 1402
1402 1401 1403
1403 1402 1404
1404 1403 1405 1729
1405 1404 1406 1729
1406 1405 1407 2433
1407 1406 1408 2433
1408 1407 1409 2434
1409 1408 1410 2434
1410 170 171 1409
1411 427 428 1412
1412 1411 1413
1413 1412 1414
1414 1413 1415
1415 1414 1416
1416 1415 1417
1417 1416
1418 498 555 1419
1419 555 1418 1420 2056
1420 1400 1419 2056 2121
1421 1281 1282 1422
1422 1421 1423
1423 30 31 1422 1424
1424 30 31 1423 1425
1425 1424 1426
1426 1425 1427
1427 1426 1428
1428 1427 1429
1429 1428 1430
1430 1429 1431 2517
1431 1430 1432 2517
1432 1431 1433
1433 1432 1434 1695
1434 1433 1435 1695
1435 1434 1436
1436 1435 1437
1437 1436 1438
1438 1437 1439
1439 1438 1440
1440 1439 1441
1441 1440 1442
1442 1441 1443
1443 1442 1444
1444 1443 1445 2099 2100
1445 1444 1446 2099 2100
1446 590 591 1445
1447 591 592 1448 2462
1448 1447 1449 2462
1449 1448 2518
1450 1350 1451
1451 1450 1452
1452 1451 1453
1453 1452 1454
1454 1453 1455
1455 1454 1456
1456 1455 1457
1457 1456 1458
1458 1457 1459
1459 1458 1460
1460 1459 1461
1461 1460 1462
1462 1461 1463
1463 1462 1464
1464 705 706 1463 1465
1465 705 706 1464 1466 1871 1872
1466 1465 1467 1871 1872
1467 1466 1468
1468 1467 1469
1469 1468 1470
1470 1469 1471
1471 1470 1472
1472 1471 1473
1473 1472 1474 2379
1474 1473 1475 2379
1475 1474 1476
1476 1475 1477
1477 1476 1478 2205
1478 1477 1479 2205
1479 1478 1480 2380
1480 1479 1481 2206 2380
1481 1480 1482 1705 2206
1482 1481 1483 1705
1483 1482 1484
1484 1483 1485
1485 1484 1486
1486 244 245 1485
1487 1488
1488 1487 1489
1489 1488 1490
1490 1489 1491
1491 1490 1492
1492 1491 1493
1493 1492 1494
1494 1493 1495
1495 1494 1496
1496 1495 1497
1497 1496 1498
1498 669 670 1497 1499
1499 669 670 1498 1500
1500 1499 1501
1501 1500 1502
1502 1501 1503
1503 1502 1504
1504 1503 1505
1505 662 1338 1504 1506
1506 662 1338 1505 1507
1507 1506 1508
1508 1507 1509
1509 1508 1510
1510 1509 1511
1511 1510 1512 2826
1512 1511 1513 2826
1513 1512 1514
1514 1 1513
1515 1209 1210 1268 1269
1516 1205 1206 1254 1255
1517 45 46 1247 1248 1518
1518 45 46 1517 1519
1519 1518 1520
1520 171 172 1519
1521 169 170 1522 2435 2510
1522 1521 1523 2435
1523 1522 1524 2123
1524 163 164 1523 2123
1525 1195 1196 1526
1526 1525 1527
1527 1526 1528
1528 1527 1529
1529 1528 1530
1530 1529 1531
1531 1530 1532
1532 1531 1533
1533 1532 1534 2774
1534 1533 1535 2774
1535 1534 1536 2774
1536 1535 1537 1989 2774
1537 1536 1538 1989
1538 1537 1539
1539 1538 1540 1990
1540 1539 1541 1990 2548
1541 1540 1542 2548 2549
1542 1541 2549
1543 102 103 1544
1544 1543 1545
1545 1544 1546
1546 1545 1547
1547 1546 1548
1548 1547
1549 53 54 1243 1550
1550 894 895 1549
1551 1278 1279 1552
1552 1551 1553
1553 1552 1554 2780
1554 31 32 1553 1555 2780
1555 31 32 1554
1556 409 410 1557
1557 1556 1558
1558 1557 1559
1559 1558 1560
1560 1559 1561
1561 1560 1562
1562 1561 1563
1563 1562 1564
1564 1563 1565
1565 1564 1566
1566 1565 1567
1567 1566 1568
1568 1567 1569
1569 1568 1570
1570 1569 1571
1571 1570 1572
1572 1571 1573
1573 1572 1574
1574 1573 1575
1575 1574 1576
1576 1575 1577
1577 1576 1578
1578 1577 1579
1579 1578 1580
1580 1579 1581
1581 1580 1582
1582 1581 1583
1583 1582 1584
1584 1583 1585
1585 1584 1586
1586 1585 1587 2567
1587 1586 1588 2567
1588 1587 1589
1589 1588 1590
1590 1589 1591
1591 1590 1592
1592 1591 1593 2566
1593 1592 1594 2566
1594 1593 1595 2506
1595 1594 1596 2506
1596 914 915 1595
1597 910 911 2882
1598 1262 1263 1599
1599 1598 1600
1600 1599 1601
1601 38 39 280 1600
1602 276 277 1603
1603 1602 1604
1604 1603 1605
1605 1604 1606 2513
1606 270 271 1605 1607 2513
1607 270 271 1606 1608 1973
1608 1607 1609 1973
1609 1608 1610
1610 1609 1611 1734
1611 1610 1612 1734
1612 1611 1613
1613 1612 1614
1614 581 1613
1615 578 579 1616
1616 1615 1617
1617 1616 1618
1618 1617 1619
1619 1618 1620
1620 1619 1621 2889
1621 1620 1622 2889
1622 1621 1623
1623 1622 1624
1624 1623 1625 2057
1625 1624 1626 2057 2994 2995
1626 288 289 1625 1627 2994 2995
1627 288 289 1626 1628
1628 1627 1629
1629 1628 1630
1630 1629 1631 2222 2223
1631 1630 1632 2222 2223 2469 2470
1632 1631 1633 2469 2470
1633 1632 1634
1634 1633 1635 2868 2869
1635 1634 1636 2868 2869
1636 1635 1637
1637 1636 1638
1638 628 629 1637
1639 634 635 1640
1640 1639 1641 2371
1641 1640 1642 1856 2361 2371
1642 1641 1643 1856 2361 2457 2781
1643 1642 1644 2457 2781
1644 1643 1645
1645 1644 1646
1646 1645 1647 1851 1852
1647 1646 1648 1851 1852
1648 1647 1649
1649 1648 1650
1650 1649 1651
1651 1650 1652
1652 1651 1653
1653 1652 1654
1654 1653 1655 2890
1655 1654 1656 2890
1656 1655 1657
1657 1656 1658
1658 1657 1659
1659 722 723 1658
1660 785 786 1661
1661 1660 1662
1662 1661 1663
1663 1662 1664
1664 1663 1665
1665 1664 1666
1666 1665 1667
1667 1666 1668
1668 1667 1669
1669 1668 1670
1670 1669 1671
1671 1670
1672 1673
1673 1672 1674
1674 1673 1675
1675 1674 1676
1676 1675 1677
1677 540 541 1676 1678
1678 540 541 1677 1679
1679 1678 1680
1680 1679 1681
1681 1680 1682
1682 1681 1683
1683 1682 1684
1684 1683 1685 2459 2460
1685 1684 1686 2459 2460
1686 1685 1687
1687 1686 1688
1688 1687 1689
1689 1688 1690
1690 1689 1691 2114
1691 1690 1692 2114 2115
1692 1691 1693 2115
1693 1692 1694
1694 15 16 1693
1695 1433 1434 1696
1696 1695 1697 2334
1697 1696 1698 2334
1698 1697 1699
1699 1698 1700
1700 107 108 1699
1701 521 522 1237 1238
1702 522 523 1703 2463
1703 1702 1704 2148 2463
1704 603 604 1703 2148
1705 1481 1482 1706 2380
1706 1705 1707 2380 2381
1707 1706 1708 2381
1708 1707 1709
1709 1708 1710
1710 1709 1711
1711 1710 1712
1712 1711 1713
1713 1712 1714
1714 1713 1715
1715 1714 1716
1716 1715 1717
1717 1716 1718
1718 1717 1719
1719 1718 1720
1720 1719 1721
1721 1720 1722
1722 1721 1723
1723 1722 1724
1724 1723 1725
1725 1724 1726
1726 1725
1727 1728
1728 46 47 1727
1729 1404 1405 1730
1730 1729 1731
1731 1730 1732
1732 1731 1733
1733 1732 1734
1734 1610 1611 1733
1735 810 811 1736
1736 1735 1737
1737 1736 1738
1738 1737 1739
1739 1738 1740
1740 1739 1741
1741 1740 1742
1742 1741 1743
1743 1742 1744
1744 1743 1745
1745 1744 1746
1746 1745 1747
1747 1746 1748
1748 1747 1749 2948
1749 1748 1750 2948
1750 1749 1751
1751 1750 1752
1752 1751 1753
1753 1752 1754
1754 1753 1755 2949
1755 1754 1756 2949
1756 1755 1757
1757 1756 1758
1758 1757 1759
1759 1758 1760
1760 1759 1761
1761 1760 1762
1762 1761 1763
1763 1762 1764
1764 1763 1765
1765 1764 1766
1766 1765 1767
1767 1766 1768
1768 1767 1769
1769 1768 1770
1770 1769 1771
1771 1770 1772
1772 1771 1773
1773 1772 1774
1774 1773 1775 1873
1775 1774 1776 1873
1776 1775 1777
1777 1776 1778
1778 1777 1779
1779 1778 1780
1780 1779 1781
1781 1780 1782
1782 1781 1783
1783 1782 1784
1784 1783 1785
1785 1784 1786
1786 1785 1787
1787 1786 1788
1788 1787 1789
1789 1788 1790
1790 1789 1791
1791 1790 1792
1792 1791 1793
1793 1792 1794
1794 1793 1795
1795 1794 1796
1796 1795 1797
1797 1796 1798
1798 1797 1799 1957
1799 1798 1800 1957
1800 1799 1801
1801 1800 1802
1802 1801 1803
1803 1802 1804
1804 1803 1805
1805 1804 1806
1806 1805 1807
1807 1806 1808
1808 1807 1809
1809 1808 1810
1810 1809 1811
1811 1810 1812
1812 1811 1813
1813 1812 1814
1814 1813 1815
1815 1814 1816
1816 1815 1817
1817 1816 1818 1966
1818 1817 1819 1966
1819 1818 1820
1820 1819 1821
1821 1820 1822
1822 1821 1823
1823 1822 1824
1824 1823 1825
1825 1824 1826
1826 1825 1827
1827 1826 1828
1828 1827 1829
1829 1828 1830
1830 1829 1831
1831 1830 1832
1832 1831 1833
1833 1832 1834
1834 1833 1835
1835 1834 1836
1836 1835 1837
1837 1836 1838
1838 1837 1839
1839 1838 1840
1840 1839 1841
1841 1840 1842
1842 1841
1843 9 10
1844 1845
1845 1844 1846
1846 1845 1847
1847 1846 1848
1848 1847 1849
1849 1848 1850
1850 1849 1851
1851 1646 1647 1850 1852
1852 1646 1647 1851 1853 2867
1853 1852 1854 2360 2867
1854 1853 1855 2360 2389
1855 1854 1856 2389 2781 2782
1856 1641 1642 1855 2361 2781 2782
1857 1858
1858 1857 1859
1859 1858 1860
1860 1859 1861
1861 1860 1862
1862 1861 1863
1863 1862 1864
1864 1863 1865
1865 1864 1866
1866 1865 1867
1867 1866 1868
1868 1867 1869
1869 1868 1870
1870 1869 1871
1871 1465 1466 1870 1872
1872 706 707 1465 1466 1871
1873 1774 1775 1874
1874 1873 1875
1875 1874 1876
1876 1875 1877
1877 1876 1878
1878 1877 1879
1879 1878 1880
1880 1879 1881
1881 1880 1882
1882 1881 1883
1883 1882 1884
1884 1883 1885
1885 1884 1886
1886 1885 1887
1887 1886 1888
1888 1887 1889
1889 1888 1890
1890 1889 1891
1891 1890 1892
1892 1891 1893
1893 1892 1894
1894 1893 1895
1895 1894 1896
1896 1895 1897
1897 1896 1898
1898 1897 1899
1899 1898 1900
1900 1899 1901
1901 1900 1902
1902 1901 1903
1903 1902 1904
1904 1903 1905
1905 1904 1906
1906 1905 1907
1907 1906 1908
1908 1907 1909
1909 1908 1910
1910 1909 1911
1911 1910 1912
1912 1911 1913
1913 1912 1914
1914 1913 1915
1915 1914 1916
1916 1915 1917
1917 1916 1918
1918 1917 1919
1919 1918 1920
1920 1919 1921
1921 1920 1922
1922 1921 1923
1923 1922 1924
1924 1923 1925
1925 1924 1926
1926 1925 1927
1927 1926 1928
1928 1927 1929
1929 1928 1930
1930 1929 1931
1931 1930 1932
1932 1931 1933
1933 1932 1934
1934 1933 1935
1935 1934 1936
1936 1935 1937
1937 1936 1938
1938 1937 1939
1939 1938 1940
1940 1939 1941
1941 1940 1942
1942 1941 1943
1943 1942 1944
1944 1943 1945
1945 1944 1946
1946 1945 1947
1947 1946 1948
1948 1947 1949
1949 1948 1950
1950 1949 1951
1951 1950 1952
1952 1951 1953
1953 1952 1954
1954 1953 1955
1955 1954 1956 2696
1956 1955 2696
1957 1798 1799
1958 1959
1959 1958 1960
1960 912 913 1959
1961 908 909 1962
1962 1961 1963 2564
1963 1962 1964 2526 2564
1964 1963 1965 2526 2527
1965 1964 2527
1966 1817 1818 1967
1967 1966 1968
1968 1967 1969
1969 1968
1970 605 606 1971
1971 243 244 1970
1972 572 573
1973 273 274 1607 1608
1974 1975
1975 1974 1976
1976 1975 1977 2323
1977 580 581 1976 1978 2323
1978 580 581 1977 1979
1979 1978 1980
1980 1979 1981
1981 1980 1982
1982 1981 1983
1983 1982 1984
1984 1983 1985
1985 1984 1986
1986 1985 1987
1987 1177 1178 1986
1988 1176 1177 1989
1989 1536 1537 1988
1990 1539 1540 1991
1991 1990 1992 2547 2548
1992 1991 1993 2249 2250 2547 2548
1993 1992 1994 2249 2250
1994 1993 1995 2790
1995 1994 1996 2790
1996 1995 1997
1997 1996 1998
1998 1997 1999
1999 1998 2000
2000 1999 2001
2001 2000 2002
2002 2001 2003
2003 2002 2004
2004 2003 2005
2005 2004 2006
2006 2005 2007
2007 2006 2008
2008 2007 2009
2009 2008 2010
2010 2009 2011
2011 2010 2012
2012 2011 2013
2013 2012 2014
2014 2013 2015
2015 2014 2016
2016 2015 2017
2017 2016 2018
2018 2017 2019
2019 2018 2020
2020 2019 2021
2021 2020 2022
2022 2021 2023
2023 2022 2024
2024 2023 2025
2025 2024 2026
2026 2025 2027
2027 2026 2028
2028 2027 2029
2029 2028 2030 2791
2030 2029 2031 2791
2031 2030 2032
2032 2031 2033
2033 2032 2034
2034 2033 2035
2035 2034 2036 2773
2036 2035 2037 2773
2037 2036 2038 2322
2038 2037 2039 2322
2039 2038 2040
2040 2039 2041
2041 2040 2042
2042 2041 2043
2043 2042 2044
2044 2043 2045
2045 2044 2046
2046 2045 2047
2047 2046 2048
2048 2047 2049
2049 2048 2050
2050 2049 2051
2051 2050 2052
2052 2051 2053
2053 2052 2054
2054 2053 2055
2055 2054
2056 1419 1420
2057 1624 1625 2058 2231 2232
2058 2057 2059 2231 2232
2059 2058 2060 2987 2988
2060 297 298 2059 2987 2988
2061 318 319 2062
2062 1145 1146 2061
2063 2064
2064 2063 2065
2065 2064 2066
2066 2065 2067
2067 2066 2068
2068 2067 2069
2069 2068 2070
2070 2069 2071
2071 2070 2072
2072 2071 2073
2073 2072 2074
2074 2073 2075
2075 2074 2076
2076 2075 2077
2077 2076 2078
2078 2077 2079 2658
2079 2078 2080 2658
2080 2079 2081
2081 2080 2082
2082 2081 2083
2083 2082 2084 2659
2084 321 322 2083 2659
2085 331 332 2086
2086 2085 2087
2087 2086 2088
2088 2087 2089
2089 2088 2090
2090 2089 2091
2091 2090 2092
2092 2091 2093 2756
2093 2092 2094 2756
2094 2093 2095
2095 2094 2096
2096 2095 2755
2097 587 588 2098
2098 2097 2099
2099 1444 1445 2098 2100
2100 1444 1445 2099 2101
2101 2100 2102
2102 2101 2103
2103 2102 2104
2104 109 110 2103
2105 503 504 2106
2106 2105 2107
2107 2106
2108 2109 2131
2109 2108 2110
2110 133 134 2109
2111 131 132 134 135 193
2112 12 13 1318 1319
2113 14 15 2114
2114 1690 1691 2113
2115 1691 1692 2116
2116 2115 2117
2117 2116 2118
2118 2117 2119
2119 2118 2120
2120 583 584 2119
2121 1400 1420 2122
2122 1246 1247 2121
2123 164 165 1523 1524 2124
2124 164 165 2123 2125
2125 2124 2126
2126 901 902 2125 2509
2127 2128
2128 2127 2129
2129 2128 2130
2130 2129 2131
2131 2108 2130
2132 147 148 179 180 2133
2133 179 180 2132 2134
2134 2133 2135
2135 2134 2136
2136 2135 2137
2137 2136 2138
2138 2137 2139
2139 2138 2140
2140 2139 2141 2594
2141 2140 2142 2594
2142 92 93 1351 2141
2143 1362 1363 2144
2144 2143 2145
2145 2144 2146
2146 2145 2147
2147 2146 2604
2148 251 252 1703 1704
2149 252 253 519 520
2150 512 513 2151
2151 2150 2152
2152 2151 2153
2153 2152 2154
2154 2153 2155
2155 2154 2156
2156 2155 2157
2157 2156 2158
2158 2157 2159
2159 2158 2160
2160 2159 2161
2161 2160 2162
2162 2161 2163
2163 2162 2164
2164 2163 2165
2165 2164 2166
2166 2165 2167
2167 2166 2168
2168 2167 2169 2464
2169 2168 2170 2464
2170 2169 2171
2171 2170 2172
2172 2171 2173
2173 2172 2174
2174 286 287 2173
2175 308 309 2176 2964
2176 2175 2177
2177 2176 2178
2178 2177 2179
2179 2178 2180
2180 2179 2181
2181 2180 2182
2182 2181 2183
2183 2182 2184
2184 2183 2185
2185 2184 2186
2186 2185 2187
2187 2186 2188
2188 2187 2189 2980
2189 2188 2190 2963 2980
2190 2189 2191 2963
2191 2190 2192
2192 2191 2193
2193 2192 2194
2194 2193 2195
2195 2194 2196
2196 2195 2197
2197 2196 2198
2198 2197 2199
2199 2198 2200
2200 2199
2201 2202
2202 2201 2203
2203 2202 2204
2204 2203 2205
2205 1477 1478 2204
2206 1480 1481 2207 2441
2207 2206 2208 2441
2208 2207 2209
2209 236 237 2208
2210 237 238 2211
2211 2210 2212
2212 2211 2213
2213 2212 2214
2214 2213 2215
2215 613 614 2214 2216
2216 613 614 2215 2217
2217 2216 2218
2218 2217 2219
2219 2218 2220 2876
2220 2219 2221 2468 2876
2221 2220 2222 2468 2469
2222 1630 1631 2221 2223 2469
2223 1630 1631 2222 2224
2224 2223 2225 2789
2225 2224 2226 2789
2226 2225 2227
2227 2226 2228
2228 289 290 2227 2229
2229 289 290 2228 2230 2993 2994
2230 2229 2231 2993 2994
2231 2057 2058 2230 2232
2232 2057 2058 2231 2233
2233 2232 2234
2234 2233 2235
2235 2234 2236
2236 2235 2237
2237 2236 2238
2238 2237 2239
2239 2238 2240
2240 1169 1170 2239 2241
2241 1169 1170 2240 2242
2242 2241 2243
2243 2242 2244 2551 2552
2244 2243 2245 2551 2552
2245 2244 2246
2246 2245 2247
2247 2246 2248
2248 2247 2249 2790
2249 1992 1993 2248 2250 2790
2250 1992 1993 2249 2251
2251 2250 2252
2252 2251 2253
2253 2252 2254
2254 2253 2255
2255 2254 2256
2256 2255 2257
2257 2256 2258
2258 2257 2259
2259 2258 2260
2260 2259 2261
2261 2260 2262
2262 2261 2263
2263 2262 2264
2264 929 930 2263
2265 933 934 2266
2266 2265 2267
2267 2266 2268
2268 2267 2269
2269 2268 2270
2270 2269 2271
2271 2270 2272
2272 2271 2273
2273 2272 2274
2274 2273 2275
2275 2274 2276
2276 2275 2277
2277 2276 2278
2278 2277 2279
2279 2278 2280
2280 2279 2281
2281 2280 2282
2282 2281 2283
2283 2282 2284
2284 2283 2285
2285 2284 2286
2286 434 435 2285 2287
2287 434 435 2286 2288
2288 2287 2289
2289 2288 2290
2290 2289 2291
2291 2290 2292
2292 2291 2293
2293 2292 2294
2294 2293 2295
2295 2294 2296
2296 2295 2297
2297 2296 2298
2298 2297 2299
2299 2298 2300
2300 2299 2301
2301 2300 2302
2302 2301 2303
2303 2302 2304
2304 2303 2305
2305 2304 2306
2306 2305 2307
2307 2306 2308
2308 2307 2309
2309 2308 2310
2310 2309 2311
2311 2310 2312
2312 2311 2313
2313 2312 2314
2314 2313 2315
2315 2314 2316
2316 2315 2317
2317 2316 2318
2318 2317 2319
2319 2318 2320
2320 2319
2321 186 187
2322 2037 2038
2323 1976 1977 2324
2324 2323 2325
2325 2324 2326
2326 2325 2327
2327 265 266 2326 2328
2328 265 266 2327 2329
2329 2328 2330
2330 2329 2331
2331 2330 2332
2332 2331 2333
2333 2332 2334
2334 1696 1697 2333
2335 2336
2336 2335 2337
2337 2336 2338
2338 2337 2339 2655
2339 2338 2340 2655
2340 2339 2341
2341 2340 2342
2342 2341 2343
2343 2342 2344
2344 2343 2345
2345 2344 2346
2346 2345 2347
2347 2346 2348
2348 2347 2349
2349 2348 2350
2350 2349 2351
2351 2350 2352
2352 2351 2353
2353 2352 2354
2354 2353 2355
2355 2354 2356
2356 2355 2357
2357 2356 2358
2358 2357 2359
2359 2358 2360
2360 1853 1854 2359
2361 1641 1642 1856 2362 2372
2362 2361 2372 2456 2457
2363 2364
2364 2363 2365
2365 2364 2366
2366 2365 2367
2367 2366 2368
2368 2367 2369
2369 2368 2370
2370 2369 2371
2371 1640 1641 2370
2372 2361 2362 2373
2373 2372 2374
2374 2373 2375 2453 2454
2375 2374 2376 2453 2454
2376 2375 2377
2377 2376 2378
2378 2377 2379
2379 1473 1474 2378
2380 1479 1480 1705 1706
2381 1706 1707 2382
2382 2381 2383
2383 2382 2384
2384 2383 2385
2385 2384 2386
2386 2385 2387
2387 2386 2388
2388 2387
2389 1854 1855 2390 2782
2390 2389 2391 2782
2391 2390 2392
2392 2391 2393
2393 2392 2394
2394 2393 2395
2395 2394 2396
2396 635 636 2395 2397
2397 635 636 2396 2398 2694 2695
2398 2397 2399 2694 2695
2399 2398 2400
2400 2399 2401
2401 2400 2402
2402 2401 2403 2783
2403 2402 2404 2783
2404 2403 2405
2405 2404 2406 2686
2406 2405 2407 2686
2407 2406 2408
2408 2407 2409
2409 2408 2410
2410 2409 2411
2411 2410 2412
2412 2411 2413
2413 2412 2414
2414 2413 2415
2415 2414 2416
2416 2415 2417
2417 2416 2418
2418 2417 2419 2481
2419 2418 2420 2481
2420 2419 2421 2480 2685
2421 2420 2422 2480 2685
2422 2421 2423
2423 2422 2424
2424 2423 2425
2425 2424 2426
2426 2425 2427
2427 2426 2428
2428 2427 2429
2429 305 306 2428
2430 1294 1295 2431
2431 25 26 2430
2432 278 279 2433 2511
2433 1406 1407 2432 2511
2434 1408 1409 2435 2510
2435 1521 1522 2434 2510
2436 952 953 2437
2437 2436 2438
2438 2437 2439
2439 2438
2440 250 251
2441 2206 2207 2442
2442 2441 2443
2443 2442 2444
2444 2443 2445
2445 2444 2446
2446 2445 2447
2447 2446 2448
2448 2447 2449
2449 2448 2450
2450 2449 2451
2451 2450 2452
2452 2451 2453
2453 2374 2375 2452 2454
2454 2374 2375 2453 2455
2455 2454 2456
2456 2362 2455 2457
2457 1642 1643 2362 2456 2781
2458 5 6
2459 6 7 1684 1685 2460
2460 1684 1685 2459 2461
2461 2460 2462
2462 1447 1448 2461
2463 602 603 1702 1703
2464 2168 2169 2465
2465 2464 2466
2466 2465 2467
2467 2466 2468
2468 2220 2221 2467
2469 1631 1632 2221 2222 2470
2470 1631 1632 2469 2471 2788 2789
2471 2470 2472 2788 2789
2472 2471 2473
2473 2472 2474
2474 2473 2475
2475 2474 2476
2476 2475 2477
2477 2476 2478
2478 2477 2479
2479 2478 2480
2480 2420 2421 2479 2685
2481 2418 2419 2482
2482 2481 2483
2483 2482
2484 2485
2485 2484 2486
2486 445 446 2485
2487 444 445 2488
2488 2487 2489
2489 2488 2490
2490 2489 2491
2491 2490 2492
2492 2491 2493
2493 2492 2494
2494 2493 2495
2495 2494 2496
2496 2495 2497
2497 2496 2498
2498 2497 2499
2499 2498 2500
2500 2499 2501
2501 2500 2502
2502 2501 2503
2503 2502 2504
2504 937 938 2503
2505 918 919 2506 2565 2566
2506 1594 1595 2505 2565 2566
2507 905 906 2508 2525
2508 904 905 2507
2509 165 166 901 902 2126
2510 169 170 1521 2434 2435
2511 2432 2433 2512
2512 275 276 2511
2513 1605 1606 2514
2514 2513 2515
2515 2514 2516
2516 2515 2517 2775
2517 1430 1431 2516 2775
2518 1449 2519
2519 2518 2520
2520 2519
2521 2522
2522 2521 2523
2523 2522 2524
2524 2523 2525
2525 905 906 2507 2524
2526 906 907 1963 1964
2527 1964 1965 2528
2528 2527 2529
2529 2528 2530 2564
2530 2529 2531 2564
2531 2530 2532
2532 2531 2533
2533 2532 2534
2534 2533 2535
2535 2534 2536
2536 2535 2537
2537 2536 2538
2538 2537 2539
2539 2538 2540
2540 2539 2541
2541 2540 2542
2542 2541 2543
2543 2542 2544
2544 2543 2545
2545 2544 2546
2546 2545 2547
2547 1991 1992 2546 2548
2548 1540 1541 1991 1992 2547
2549 1541 1542 2550
2550 2549 2551 2883
2551 2243 2244 2550 2552 2883
2552 2243 2244 2551 2553
2553 2552 2554
2554 2553 2555
2555 2554 2556
2556 2555 2557
2557 2556 2558
2558 2557 2559
2559 2558 2560
2560 2559 2561
2561 2560 2562
2562 2561 2563
2563 2562
2564 1962 1963 2529 2530
2565 917 918 2505 2506 2566
2566 1592 1593 2505 2506 2565
2567 1586 1587 2568
2568 2567 2569
2569 2568 2570
2570 2569 2571
2571 2570 2572
2572 2571 2573
2573 2572 2574
2574 2573 2575
2575 2574 2576
2576 2575 2577
2577 2576 2578
2578 2577 2579
2579 2578 2580
2580 2579 2581
2581 2580 2582
2582 2581 2583
2583 2582 2584
2584 2583 2585
2585 2584 2586
2586 2585 2587
2587 2586 2588
2588 2587 2589
2589 2588 2590
2590 2589 2591
2591 2590 2592
2592 148 149 2591
2593 177 178 2594
2594 2140 2141 2593
2595 1360 1361 2596
2596 2595 2597
2597 2596 2598
2598 2597 2599
2599 2598 2600
2600 2599 2601
2601 2600
2602 643 644
2603 67 68 198 199
2604 2147 2605
2605 2604 2606
2606 2605
2607 
2608 2609
2609 2608 2610
2610 2609 2611
2611 2610 2612
2612 2611 2613
2613 2612 2614
2614 2613 2615
2615 2614 2616
2616 2615 2617
2617 2616 2618
2618 2617 2619
2619 2618 2620
2620 2619 2621
2621 2620 2622
2622 2621 2623
2623 2622 2624
2624 2623 2625
2625 2624 2626
2626 2625 2627
2627 2626 2628
2628 2627 2629
2629 2628 2630
2630 2629 2631
2631 2630 2632
2632 2631 2633
2633 2632 2634
2634 2633 2635
2635 2634 2636
2636 2635 2637
2637 2636 2638
2638 2637 2639
2639 2638 2640
2640 2639 2641
2641 2640 2642
2642 2641 2643
2643 2642 2644
2644 2643 2645
2645 2644 2646
2646 2645 2647
2647 2646 2648
2648 2647 2649
2649 2648 2650
2650 2649 2651
2651 2650 2652
2652 2651 2653
2653 2652 2654
2654 2653 2655
2655 2338 2339 2654
2656 2657
2657 2656 2658
2658 2078 2079 2657
2659 1148 1149 2083 2084
2660 1149 1150 2661
2661 2660 2662
2662 2661 2663
2663 2662 2664
2664 2663 2665
2665 2664 2666
2666 2665 2667
2667 2666 2668
2668 2667 2669
2669 2668 2670
2670 2669 2671 2964
2671 2670 2672 2964
2672 2671 2673
2673 2672 2674
2674 2673 2675 2965
2675 2674 2676 2965 2981
2676 304 305 2675 2677 2981
2677 304 305 2676 2678
2678 2677 2679
2679 2678 2680
2680 2679 2681
2681 2680 2682
2682 2681 2683
2683 2682 2684
2684 2683 2685
2685 2420 2421 2480 2684
2686 2405 2406 2687
2687 2686 2688
2688 2687 2689
2689 2688 2690
2690 2689 2691
2691 2690 2692
2692 2691 2693
2693 2692 2694
2694 2397 2398 2693 2695
2695 632 633 2397 2398 2694
2696 1955 1956 2697
2697 2696
2698 2699
2699 2698 2700 2763
2700 2699 2701 2762 2763
2701 2700 2702 2762
2702 2701 2703
2703 2702 2704
2704 2703 2705
2705 2704 2706
2706 2705 2707
2707 2706 2708
2708 2707 2709
2709 2708 2710
2710 2709 2711
2711 2710 2712
2712 2711 2713
2713 2712 2714
2714 2713 2715
2715 2714 2716
2716 2715 2717
2717 2716 2718
2718 2717 2719
2719 2718 2720
2720 2719 2721
2721 2720 2722
2722 2721 2723
2723 2722 2724
2724 2723 2725
2725 2724 2726
2726 2725 2727
2727 2726 2728
2728 2727 2729
2729 2728 2730
2730 2729 2731
2731 2730 2732
2732 2731 2733
2733 2732 2734
2734 2733 2735
2735 2734 2736
2736 2735 2737
2737 2736 2738
2738 2737 2739
2739 2738 2740
2740 2739 2741
2741 2740 2742
2742 2741 2743
2743 2742 2744
2744 2743 2745
2745 2744 2746
2746 2745 2747
2747 2746 2748
2748 2747 2749
2749 2748 2750
2750 2749 2751
2751 2750 2752
2752 2751 2753
2753 2752 2754
2754 2753 2755
2755 2096 2754
2756 2092 2093 2757
2757 2756 2758
2758 2757 2759
2759 2758 2760
2760 2759
2761 2762
2762 2700 2701 2761
2763 2699 2700 2764
2764 2763 2765
2765 2764 2766
2766 2765 2767
2767 2766 2768
2768 2767 2769
2769 2768 2770
2770 2769 2771
2771 2770 2772
2772 2771 2773
2773 2035 2036 2772
2774 1533 1534 1535 1536
2775 2516 2517 2776
2776 2775 2777
2777 2776 2778
2778 32 33 2777 2779
2779 32 33 2778 2780
2780 1553 1554 2779
2781 1642 1643 1855 1856 2457 2782
2782 1855 1856 2389 2390 2781
2783 2402 2403 2784
2784 2783 2785
2785 2784 2786 2868
2786 2785 2787 2868
2787 2786 2788
2788 2470 2471 2787 2789
2789 2224 2225 2470 2471 2788
2790 1994 1995 2248 2249
2791 2029 2030 2792
2792 2791 2793
2793 2792 2794
2794 2793 2795
2795 2794 2796
2796 2795 2797
2797 2796 2798
2798 2797 2799
2799 2798 2800
2800 2799 2801
2801 2800 2802
2802 2801 2803
2803 2802 2804
2804 2803 2805
2805 2804 2806
2806 2805 2807
2807 2806 2808
2808 2807 2809
2809 2808 2810
2810 2809 2811
2811 2810 2812
2812 2811 2813
2813 2812 2814
2814 2813 2815
2815 969 970 2814
2816 980 981 2817
2817 2816 2818
2818 2817 2819
2819 2818 2820
2820 2819 2821
2821 2820 2822
2822 2821 2823
2823 2822 2824
2824 2823 2825
2825 2824
2826 1332 1333 1511 1512
2827 2828
2828 2827 2829
2829 2828 2830
2830 2829 2831
2831 2830 2832
2832 2831 2833
2833 2832 2834
2834 2833 2835
2835 2834 2836
2836 2835 2837
2837 2836 2838
2838 2837 2839
2839 2838 2840
2840 2839 2841 2922 2923
2841 2840 2842 2922 2923
2842 2841 2843
2843 2842 2844
2844 2843 2845
2845 2844 2846
2846 2845 2847
2847 2846 2848
2848 2847 2849
2849 2848 2850
2850 2849 2851
2851 2850 2852
2852 2851 2853
2853 2852 2854
2854 2853 2855
2855 2854 2856
2856 2855 2857
2857 2856 2858
2858 2857 2859
2859 2858 2860
2860 2859 2861
2861 2860 2862
2862 2861 2863
2863 2862 2864
2864 2863 2865
2865 2864 2866
2866 2865 2867
2867 1852 1853 2866
2868 1634 1635 2785 2786 2869
2869 1634 1635 2868 2870
2870 2869 2871
2871 2870 2872
2872 2871 2873
2873 2872 2874
2874 2873 2875
2875 2874 2876
2876 2219 2220 2875
2877 2878
2878 2877 2879
2879 2878 2880
2880 2879 2881
2881 2880 2882
2882 1597 2881
2883 1170 1171 2550 2551 2884
2884 1170 1171 2883 2885
2885 2884 2886
2886 2885 2887
2887 2886 2888
2888 2887 2889
2889 1620 1621 2888
2890 1654 1655 2891
2891 2890 2892
2892 2891 2893
2893 2892 2894
2894 2893 2895
2895 2894 2896
2896 2895 2897
2897 2896 2898
2898 2897 2899
2899 2898 2900
2900 2899 2901
2901 2900 2902
2902 2901 2903
2903 2902 2904
2904 2903 2905
2905 2904 2906
2906 2905 2907
2907 2906 2908
2908 2907 2909
2909 2908 2910
2910 2909 2911
2911 2910 2912
2912 2911 2913
2913 2912 2914
2914 2913 2915
2915 2914 2916
2916 2915 2917
2917 2916 2918
2918 2917 2919
2919 2918 2920
2920 2919 2921
2921 2920 2922
2922 2840 2841 2921 2923
2923 2840 2841 2922 2924
2924 2923 2925
2925 2924 2926
2926 2925 2927
2927 2926 2928
2928 2927 2929
2929 2928 2930
2930 2929 2931
2931 2930 2932
2932 2931 2933
2933 2932 2934
2934 2933 2935
2935 2934 2936
2936 2935 2937
2937 2936 2938
2938 2937 2939
2939 2938 2940
2940 2939 2941
2941 2940 2942
2942 2941 2943
2943 2942 2944
2944 2943
2945 2946
2946 2945 2947
2947 2946 2948
2948 1748 1749 2947
2949 1754 1755 2950
2950 2949 2951
2951 2950 2952
2952 2951 2953
2953 2952
2954 257 258 1235 1236
2955 108 109 2956
2956 2955
2957 2958
2958 2957 2959
2959 2958 2960
2960 197 198 2959
2961 21 22 1308 1309
2962 2963
2963 2189 2190 2962
2964 308 309 2175 2670 2671
2965 2674 2675 2966
2966 2965 2967
2967 2966 2968
2968 2967 2969
2969 2968 2970
2970 2969 2971
2971 2970 2972
2972 2971 2973
2973 2972 2974
2974 2973 2975
2975 1160 1161 2974
2976 1198 1199 2977
2977 2976 2978
2978 2977
2979 2980
2980 2188 2189 2979
2981 2675 2676 2982
2982 2981 2983
2983 2982 2984
2984 2983 2985
2985 2984 2986
2986 2985 2987
2987 2059 2060 2986 2988
2988 2059 2060 2987 2989
2989 2988 2990
2990 2989 2991
2991 2990 2992
2992 2991 2993
2993 2229 2230 2992 2994
2994 1625 1626 2229 2230 2993 2995
2995 1625 1626 2994 2996
2996 2995 2997
2997 2996 2998
2998 2997 2999
2999 2998 3000
3000 2999